res/all-about-the-bass.mp3
All about the Bass
74000.00 1000.00
13 22192.00 27579.00 35626.00 42808.00 45036.00 51637.00 54845.00 55759.00 58436.00 62210.00 64705.00 68728.00 70955.00
29 17670.00 17869.00 19482.00 20380.00 23971.00 26664.00 31154.00 32932.00 33814.00 35177.00 36557.00 43024.00 44138.00 45418.00 47197.00 48527.00 51220.00 53050.00 54329.00 56208.00 58868.00 61146.00 61362.00 62659.00 64239.00 65120.00 67863.00 69176.00 71870.00
46 6132.00 6980.00 7844.00 8060.00 8775.00 9656.00 10554.00 11419.00 11618.00 12333.00 13214.00 14162.00 15924.00 16855.00 18601.00 21161.00 21345.00 23040.00 24919.00 25783.00 25966.00 30272.00 31951.00 32134.00 34711.00 36972.00 39118.00 40963.00 42293.00 43224.00 43423.00 45884.00 47646.00 50805.00 52152.00 52517.00 53748.00 56707.00 59334.00 61163.00 61362.00 63840.00 65552.00 67364.00 69592.00 70955.00
25 15475.00 19981.00 23522.00 25351.00 27063.00 30704.00 34129.00 35160.00 37338.00 38685.00 40497.00 42093.00 43639.00 46316.00 50407.00 53432.00 57123.00 59783.00 60265.00 60481.00 63407.00 66899.00 68295.00 70041.00 71870.00
41 6104.00 6996.00 7861.00 8077.00 8759.00 9640.00 10554.00 11419.00 11635.00 12333.00 13198.00 14145.00 15192.00 15924.00 21743.00 22591.00 24503.00 27579.00 28428.00 29341.00 31968.00 32151.00 34711.00 36956.00 38486.00 40281.00 41179.00 41860.00 43889.00 45884.00 48095.00 49974.00 52833.00 53981.00 56691.00 59317.00 62892.00 64687.00 66533.00 67846.00 70507.00
48 14927.00 16822.00 18584.00 19482.00 20363.00 21161.00 21361.00 23040.00 23988.00 24902.00 25767.00 25983.00 26664.00 27995.00 29807.00 30289.00 31154.00 32916.00 33797.00 35626.00 36557.00 38269.00 39101.00 40082.00 41661.00 44155.00 45418.00 46299.00 47629.00 48527.00 49525.00 52152.00 52517.00 54646.00 56208.00 58868.00 60248.00 60481.00 62460.00 63407.00 64239.00 65120.00 66300.00 66882.00 68728.00 69592.00 70041.00 71870.00
22 14611.00 17653.00 17869.00 22175.00 26265.00 28876.00 38070.00 39865.00 41445.00 44621.00 45019.00 47181.00 49009.00 55743.00 58419.00 61994.00 63806.00 65552.00 66084.00 69143.00 70490.00 71404.00
