res/blank-space.mp3
Blank Space
91000.00 1000.00
19 13357.00 15851.00 20938.00 29933.00 32377.00 34854.00 37315.00 40923.00 45893.00 48321.00 54340.00 57083.00 61139.00 64880.00 69968.00 74623.00 78347.00 80824.00 85879.00
29 18361.00 22135.00 25876.00 28403.00 30864.00 33425.00 35901.00 38362.00 42169.00 48006.00 49651.00 53375.00 55320.00 58429.00 60858.00 61472.00 64614.00 65529.00 67741.00 68388.00 68721.00 70566.00 72179.00 75853.00 80508.00 81173.00 83717.00 85280.00 86377.00
19 13340.00 19659.00 24712.00 27423.00 39676.00 43433.00 47689.00 50266.00 52128.00 55869.00 60574.00 61788.00 64332.00 66127.00 73393.00 77117.00 80226.00 81539.00 84648.00
38 7189.00 8420.00 9716.00 12127.00 14670.00 17098.00 23366.00 28420.00 33425.00 35918.00 37647.00 39044.00 44680.00 47373.00 50583.00 51496.00 52743.00 54057.00 55320.00 58429.00 60275.00 62104.00 64016.00 65229.00 67108.00 68405.00 68721.00 70267.00 71581.00 72745.00 74024.00 76485.00 77699.00 79943.00 81839.00 83086.00 85263.00 87125.00
11 10896.00 20923.00 47091.00 57365.00 59959.00 62420.00 63701.00 75255.00 79628.00 82171.00 86411.00
39 18361.00 22135.00 25860.00 27107.00 28403.00 30233.00 30881.00 32694.00 33408.00 35153.00 35901.00 38379.00 39659.00 42169.00 44963.00 46775.00 49968.00 52128.00 54639.00 55869.00 58413.00 59643.00 62736.00 63384.00 65861.00 67091.00 68388.00 68704.00 70899.00 72162.00 74640.00 75853.00 78364.00 79311.00 82470.00 83418.00 85895.00 88057.00 88323.00
23 10880.00 15851.00 19659.00 24696.00 29633.00 32078.00 34588.00 37049.00 40923.00 43416.00 45877.00 46475.00 49335.00 53392.00 56800.00 59361.00 63051.00 69619.00 73409.00 77100.00 79013.00 82770.00 84632.00
