res/im-not-the-only-one.mp3
I'm not the Only One
98000.00 1000.00
14 26944.00 37085.00 49970.00 54709.00 60594.00 67926.00 73413.00 76655.00 78850.00 81842.00 86132.00 88276.00 89789.00 93912.00
27 29887.00 34608.00 35773.00 38981.00 41575.00 44501.00 47443.00 50702.00 53362.00 56222.00 59181.00 63171.00 64934.00 65299.00 67178.00 69289.00 72648.00 73812.00 75941.00 78135.00 81460.00 82241.00 85782.00 87595.00 90438.00 93164.00 96423.00
23 22571.00 24001.00 25397.00 26927.00 31732.00 40178.00 43038.00 45998.00 48873.00 51833.00 57353.00 62024.00 66447.00 70853.00 75192.00 77420.00 81110.00 82624.00 85467.00 86896.00 91219.00 92466.00 95708.00
30 16686.00 18166.00 19612.00 21042.00 32763.00 35756.00 39363.00 40894.00 42273.00 43752.00 46729.00 48175.00 51085.00 52581.00 55490.00 56971.00 58466.00 59913.00 61342.00 63537.00 66812.00 67926.00 70853.00 74543.00 80728.00 82923.00 85101.00 89024.00 92084.00 95359.00
32 7950.00 9337.00 10867.00 12296.00 13743.00 15223.00 22572.00 24001.00 25397.00 26927.00 31350.00 34957.00 40195.00 43038.00 45282.00 48873.00 51833.00 54726.00 57718.00 62024.00 66447.00 69306.00 72300.00 75941.00 78850.00 80346.00 83305.00 84752.00 88260.00 89773.00 92815.00 96058.00
29 16669.00 18182.00 19595.00 21058.00 28390.00 34275.00 35756.00 38615.00 41575.00 44501.00 47443.00 50354.00 53346.00 56222.00 59181.00 62806.00 64934.00 65283.00 68708.00 71551.00 73031.00 75175.00 78151.00 79947.00 83638.00 84369.00 87578.00 90421.00 93580.00
21 7974.00 9354.00 10867.00 12313.00 13743.00 15223.00 26927.00 37069.00 49555.00 53977.00 60578.00 67561.00 69988.00 73795.00 76639.00 77403.00 79581.00 83987.00 86880.00 91202.00 94295.00
