res/sugar.mp3
Sugar
76000.00 1000.00
17 18036.00 20081.00 22043.00 24038.00 32534.00 38519.00 42825.00 46068.00 52551.00 55061.00 57572.00 59534.00 61629.00 65053.00 67065.00 70058.00 72536.00
41 10022.00 11535.00 13580.00 15559.00 17570.00 19615.00 21544.00 23556.00 25085.00 26798.00 28793.00 30838.00 32102.00 33531.00 36806.00 38037.00 39533.00 39998.00 40514.00 41561.00 43556.00 44055.00 47580.00 49807.00 50523.00 51021.00 52069.00 53349.00 54613.00 55528.00 57107.00 58037.00 60066.00 62094.00 63574.00 64588.00 65785.00 67797.00 69060.00 70856.00 71804.00
22 21062.00 23074.00 26282.00 28295.00 30306.00 31653.00 34845.00 36308.00 37571.00 45568.00 49309.00 51554.00 53814.00 56026.00 60581.00 62576.00 64023.00 66284.00 67065.00 68295.00 69576.00 71288.00
29 8593.00 9059.00 10488.00 12583.00 14561.00 16540.00 18535.00 20563.00 22558.00 24503.00 31386.00 34578.00 37355.00 39516.00 39998.00 40514.00 43556.00 44039.00 50523.00 51005.00 54064.00 56492.00 60814.00 62792.00 64572.00 65037.00 68545.00 70574.00 72519.00
20 21062.00 23090.00 31885.00 35094.00 36540.00 41811.00 45319.00 47829.00 49076.00 51537.00 53599.00 56026.00 58270.00 60315.00 62327.00 63790.00 66051.00 67049.00 68046.00 71539.00
43 10006.00 11519.00 13580.00 15542.00 17570.00 19599.00 21544.00 23572.00 25085.00 26548.00 28527.00 30555.00 32534.00 36042.00 37804.00 38785.00 39516.00 39982.00 40497.00 41313.00 43041.00 43557.00 44039.00 47347.00 49558.00 50506.00 51005.00 52052.00 53083.00 54613.00 55528.00 57090.00 57788.00 59800.00 61861.00 63324.00 64572.00 65552.00 66534.00 67531.00 69077.00 70074.00 71073.00
21 18036.00 20064.00 22026.00 24021.00 26033.00 28028.00 30040.00 33531.00 38269.00 42525.00 45768.00 52551.00 55045.00 57323.00 59268.00 61363.00 65053.00 67049.00 69559.00 72003.00 72519.00
