res/take-me-to-church.mp3
Take Me to Church
90000.00 1000.00
26 9515.00 15251.00 24844.00 26806.00 38876.00 41703.00 44462.00 47256.00 58445.00 62169.00 63566.00 64929.00 66309.00 68104.00 70116.00 71213.00 73258.00 76068.00 77947.00 79826.00 80341.00 82569.00 83982.00 84913.00 85378.00 87191.00
42 18128.00 20970.00 23830.00 27837.00 29616.00 30031.00 32376.00 32808.00 35102.00 35568.00 37912.00 38377.00 39874.00 44014.00 45377.00 54338.00 57714.00 59309.00 60756.00 61687.00 62668.00 63566.00 64031.00 64946.00 67240.00 69152.00 70814.00 71662.00 72826.00 73707.00 74672.00 75636.00 76567.00 77930.00 78845.00 79360.00 80324.00 80757.00 81671.00 83367.00 84497.00 86293.00
17 6573.00 12375.00 43082.00 60124.00 62684.00 64031.00 66309.00 68104.00 70100.00 72111.00 75619.00 76999.00 79360.00 80773.00 82552.00 85378.00 87191.00
51 2882.00 3281.00 5642.00 6090.00 8502.00 8967.00 9499.00 11460.00 11893.00 14287.00 14736.00 17146.00 17612.00 19989.00 20455.00 22965.00 23364.00 25293.00 27288.00 28601.00 30480.00 33290.00 36050.00 39392.00 40323.00 42617.00 44945.00 53773.00 56300.00 56549.00 58445.00 59293.00 60739.00 61670.00 63566.00 64480.00 66791.00 67689.00 69634.00 70964.00 72277.00 72826.00 73707.00 74672.00 76550.00 78845.00 79826.00 81222.00 83832.00 84481.00 86293.00
22 6556.00 12375.00 20970.00 26324.00 40822.00 42135.00 45860.00 47256.00 57846.00 59775.00 62169.00 64015.00 64929.00 65827.00 68636.00 70565.00 74156.00 75120.00 76999.00 79343.00 82104.00 85362.00
49 9482.00 18111.00 23830.00 25825.00 27837.00 29599.00 30031.00 32392.00 32808.00 35086.00 35568.00 37912.00 38394.00 39874.00 41237.00 43566.00 45360.00 46807.00 49051.00 51844.00 57364.00 58428.00 59293.00 60257.00 60739.00 61670.00 62668.00 63549.00 64463.00 65378.00 66791.00 67689.00 69634.00 71396.00 72826.00 73691.00 74655.00 76085.00 76550.00 77449.00 78362.00 78828.00 79809.00 80773.00 82552.00 83533.00 84913.00 86276.00 87191.00
26 15235.00 24345.00 24844.00 26789.00 38860.00 41686.00 44462.00 46308.00 48204.00 50797.00 54787.00 58844.00 61204.00 63083.00 64929.00 65810.00 68636.00 71795.00 73242.00 75603.00 77913.00 80308.00 82984.00 84481.00 85794.00 86759.00
