res/thinking-out-loud.mp3
Thinking Out Loud
107000.00 1000.00
16 20355.00 30630.00 35285.00 45859.00 48120.00 54571.00 59874.00 67505.00 70166.00 76234.00 81537.00 84630.00 89136.00 92893.00 95271.00 99028.00
38 21652.00 24611.00 32142.00 36748.00 39724.00 42783.00 44695.00 46573.00 48885.00 50747.00 53856.00 55019.00 56848.00 57580.00 59525.00 60290.00 62202.00 63299.00 64047.00 67141.00 67904.00 69434.00 72443.00 73607.00 75885.00 76600.00 78578.00 80075.00 82286.00 83865.00 86875.00 89934.00 92128.00 94456.00 96335.00 98246.00 101322.00 102420.00
27 13972.00 15533.00 17014.00 18443.00 33705.00 38261.00 41187.00 47355.00 51511.00 53124.00 56084.00 59143.00 61021.00 62202.00 64796.00 66724.00 68686.00 74339.00 76999.00 80723.00 83084.00 86875.00 88404.00 91763.00 94057.00 97598.00 102054.00
80 8085.00 9348.00 10945.00 12441.00 23031.00 25426.00 25791.00 26473.00 26855.00 27238.00 28003.00 28385.00 28767.00 29549.00 29898.00 30248.00 30979.00 31361.00 31744.00 32541.00 32941.00 33323.00 34054.00 34453.00 34852.00 35601.00 35983.00 36332.00 37114.00 37496.00 37895.00 38643.00 39042.00 39391.00 40073.00 40455.00 40821.00 41586.00 42001.00 42384.00 43132.00 45060.00 46208.00 46956.00 47737.00 49267.00 51927.00 55019.00 57214.00 57597.00 58361.00 58760.00 59126.00 59542.00 62551.00 63665.00 66342.00 67904.00 70947.00 71313.00 71678.00 72044.00 74738.00 75088.00 76617.00 79376.00 81937.00 82685.00 83466.00 84215.00 84996.00 85379.00 87639.00 89934.00 91413.00 96351.00 100957.00 102070.00 103134.00 103949.00
33 13972.00 15533.00 17014.00 18426.00 29150.00 32126.00 35235.00 39740.00 44279.00 45460.00 48137.00 51179.00 52742.00 59126.00 60640.00 61853.00 62950.00 64430.00 65959.00 69434.00 74006.00 76234.00 78578.00 80390.00 84630.00 86143.00 89119.00 91031.00 93674.00 95919.00 99028.00 100574.00 104348.00
51 8070.00 9348.00 10945.00 12441.00 20754.00 24594.00 27620.00 30596.00 33705.00 38261.00 41187.00 42783.00 43880.00 44695.00 45875.00 47372.00 48868.00 50397.00 53490.00 55002.00 56499.00 57597.00 58744.00 59525.00 60273.00 61038.00 62551.00 63315.00 64796.00 65577.00 68669.00 73275.00 74738.00 75885.00 77780.00 79360.00 81139.00 82302.00 83865.00 85379.00 88404.00 90682.00 93259.00 94473.00 95586.00 96335.00 98264.00 100208.00 101339.00 102436.00 103567.00
23 19973.00 26124.00 36731.00 43532.00 48469.00 54255.00 55734.00 57962.00 58361.00 59891.00 61836.00 65194.00 70149.00 72427.00 75104.00 76982.00 81554.00 83084.00 86143.00 92893.00 95254.00 97365.00 99793.00
