res/uptown-funk.mp3
Uptown Funk
99000.00 1000.00
19 24501.00 31700.00 37037.00 42225.00 44901.00 48509.00 53247.00 53729.00 54245.00 54777.00 65716.00 77238.00 79333.00 80846.00 81394.00 84021.00 87662.00 89741.00 92251.00
44 10935.00 11982.00 12996.00 18266.00 19264.00 20312.00 21326.00 22390.00 23404.00 26513.00 28641.00 30719.00 33795.00 36006.00 38051.00 41725.00 44335.00 45400.00 47495.00 49506.00 55309.00 55824.00 56323.00 56871.00 63405.00 67529.00 68360.00 69341.00 70423.00 71469.00 72550.00 73547.00 74877.00 75642.00 76656.00 78302.00 80364.00 81877.00 85035.00 86565.00 88178.00 90206.00 91752.00 94994.00
38 5764.00 6811.00 7859.00 8839.00 9887.00 14043.00 15108.00 16138.00 17202.00 25532.00 29655.00 32781.00 34942.00 39148.00 41227.00 42225.00 43305.00 44901.00 45915.00 50537.00 57420.00 57935.00 58467.00 58966.00 61128.00 62890.00 65001.00 74362.00 77221.00 78285.00 81394.00 83439.00 84005.00 86050.00 87098.00 87679.00 88710.00 91237.00
66 18765.00 19796.00 20827.00 21891.00 22888.00 23952.00 24968.00 26014.00 27078.00 28142.00 29156.00 30154.00 31235.00 32232.00 33230.00 34393.00 35507.00 36538.00 37535.00 38583.00 39597.00 40678.00 41726.00 42806.00 43803.00 45400.00 47993.00 49024.00 50022.00 59499.00 59764.00 60014.00 60280.00 61626.00 61892.00 62158.00 62391.00 63705.00 63954.00 64237.00 64486.00 67811.00 68360.00 68842.00 69341.00 69856.00 70405.00 70937.00 71485.00 72034.00 72550.00 73015.00 73547.00 75642.00 76174.00 76673.00 77720.00 80348.00 82907.00 83988.00 85567.00 86548.00 88161.00 90721.00 92866.00 95975.00
39 5764.00 6811.00 7859.00 8856.00 9887.00 14027.00 15091.00 16122.00 17186.00 27610.00 29672.00 31700.00 37037.00 40147.00 41210.00 44335.00 45915.00 48509.00 50553.00 57420.00 57920.00 58467.00 58966.00 60562.00 62657.00 64769.00 74644.00 77221.00 78285.00 80829.00 81394.00 82409.00 83439.00 84537.00 86034.00 87098.00 90223.00 91237.00 95410.00
51 10935.00 11965.00 12979.00 18266.00 19247.00 20296.00 21309.00 22374.00 23387.00 26496.00 28624.00 30702.00 32764.00 34909.00 35989.00 39132.00 40661.00 43271.00 46431.00 47478.00 49506.00 55309.00 55807.00 56323.00 56855.00 60862.00 63123.00 65234.00 67263.00 68360.00 69324.00 70405.00 71469.00 72550.00 73530.00 75160.00 75625.00 76673.00 77720.00 78302.00 79815.00 80348.00 81877.00 82891.00 85019.00 85567.00 86548.00 88693.00 89741.00 91769.00 94013.00
20 24484.00 25498.00 33778.00 38018.00 40147.00 46979.00 51119.00 51617.00 52133.00 52682.00 61360.00 65683.00 74112.00 77221.00 78801.00 81394.00 82392.00 86034.00 89208.00 92251.00
